xx=6.801460e+00, dx=1.000000e-02, T=1.160608e+00; time needed till here: 3.407000e+03 seconds.
       y	f_photons	f_electrons	  f_nu_e	Coll_nu_e	Cforw_nu_e	Cback_nu_e	 f_nu_mu	Coll_nu_mu	Cforw_nu_mu	Cback_nu_mu	f_nu_tau	Coll_nu_tau	Cforw_nu_tau	Cback_nu_tau
0.000000e+00	     inf	4.767086e-02	5.000000e-01	4.972692e-24	-4.256100e-22	4.305827e-22	5.000000e-01	4.663719e-24	-4.245628e-22	4.292265e-22	3.905415e-01	-1.676708e-04	-2.479642e-04	8.029341e-05
2.020202e-01	5.259508e+00	4.744191e-02	4.509323e-01	2.199465e-08	-5.452915e-06	5.474909e-06	4.511423e-01	4.899533e-08	-5.156773e-06	5.205769e-06	3.764010e-01	-1.575272e-04	-2.386431e-04	8.111586e-05
4.040404e-01	2.401457e+00	4.676360e-02	4.023440e-01	1.175698e-07	-1.121921e-05	1.133678e-05	4.026644e-01	2.256647e-07	-1.023680e-05	1.046247e-05	3.468679e-01	-1.386813e-04	-2.208263e-04	8.214503e-05
6.060606e-01	1.458323e+00	4.566080e-02	3.553805e-01	4.073499e-07	-1.645148e-05	1.685883e-05	3.557461e-01	6.253768e-07	-1.471852e-05	1.534389e-05	3.124530e-01	-1.171936e-04	-2.010460e-04	8.385246e-05
8.080808e-01	9.938105e-01	4.417286e-02	3.109175e-01	8.805229e-07	-2.094271e-05	2.182323e-05	3.112858e-01	1.207552e-06	-1.845865e-05	1.966621e-05	2.771548e-01	-9.675368e-05	-1.813966e-04	8.464288e-05
1.010101e+00	7.206294e-01	4.235065e-02	2.696152e-01	1.438582e-06	-2.420951e-05	2.564809e-05	2.699597e-01	1.850100e-06	-2.106914e-05	2.291924e-05	2.428673e-01	-7.881031e-05	-1.616777e-04	8.286735e-05
1.212121e+00	5.429916e-01	4.025305e-02	2.319067e-01	1.961814e-06	-2.644837e-05	2.841018e-05	2.322118e-01	2.418211e-06	-2.283958e-05	2.525779e-05	2.106868e-01	-6.325535e-05	-1.423097e-04	7.905437e-05
1.414141e+00	4.198264e-01	3.794315e-02	1.980126e-01	2.381880e-06	-2.755719e-05	2.993907e-05	1.982687e-01	2.835441e-06	-2.364831e-05	2.648375e-05	1.811683e-01	-4.836562e-05	-1.270086e-04	7.864297e-05
1.616162e+00	3.305839e-01	3.548471e-02	1.679722e-01	2.627133e-06	-2.796498e-05	3.059211e-05	1.681779e-01	3.030224e-06	-2.387232e-05	2.690255e-05	1.546300e-01	-3.669566e-05	-1.123761e-04	7.568044e-05
1.818182e+00	2.638368e-01	3.293895e-02	1.416745e-01	2.673179e-06	-2.741387e-05	3.008705e-05	1.418311e-01	2.985552e-06	-2.325104e-05	2.623659e-05	1.311148e-01	-2.815378e-05	-9.809823e-05	6.994445e-05
2.020202e+00	2.127209e-01	3.036213e-02	1.188972e-01	2.574994e-06	-2.644941e-05	2.902440e-05	1.190091e-01	2.773742e-06	-2.234210e-05	2.511584e-05	1.105410e-01	-2.078612e-05	-8.460741e-05	6.382129e-05
2.222222e+00	1.728627e-01	2.780374e-02	9.935600e-02	2.367951e-06	-2.507474e-05	2.744269e-05	9.942913e-02	2.435002e-06	-2.111319e-05	2.354820e-05	9.275435e-02	-1.545938e-05	-7.301924e-05	5.755985e-05
2.424242e+00	1.413434e-01	2.530557e-02	8.272153e-02	2.116489e-06	-2.327566e-05	2.539215e-05	8.276196e-02	2.053218e-06	-1.950476e-05	2.155797e-05	7.751544e-02	-9.327942e-06	-6.417365e-05	5.484570e-05
2.626263e+00	1.161403e-01	2.290124e-02	6.865873e-02	1.812805e-06	-2.138030e-05	2.319311e-05	6.867271e-02	1.631735e-06	-1.782974e-05	1.946148e-05	6.454412e-02	-6.242612e-06	-5.555510e-05	4.931249e-05
2.828283e+00	9.580840e-02	2.061645e-02	5.683839e-02	1.542170e-06	-1.951766e-05	2.105983e-05	5.683184e-02	1.258084e-06	-1.621191e-05	1.747000e-05	5.358005e-02	-4.360242e-06	-4.786552e-05	4.350528e-05
3.030303e+00	7.928874e-02	1.846945e-02	4.694928e-02	1.276931e-06	-1.765360e-05	1.893053e-05	4.692724e-02	9.105066e-07	-1.461442e-05	1.552492e-05	4.436584e-02	-3.135747e-06	-4.057996e-05	3.744421e-05
3.232323e+00	6.578848e-02	1.647189e-02	3.871024e-02	1.061930e-06	-1.573947e-05	1.680140e-05	3.867716e-02	6.274996e-07	-1.297973e-05	1.360723e-05	3.666465e-02	-1.936891e-06	-3.447278e-05	3.253589e-05
3.434343e+00	5.470337e-02	1.462972e-02	3.186918e-02	8.881069e-07	-1.394685e-05	1.483495e-05	3.182875e-02	4.015122e-07	-1.145767e-05	1.185918e-05	3.024448e-02	-1.078176e-06	-2.926880e-05	2.819062e-05
3.636364e+00	4.556591e-02	1.294422e-02	2.620436e-02	7.365243e-07	-1.231363e-05	1.305015e-05	2.615952e-02	2.219006e-07	-1.008209e-05	1.030399e-05	2.490928e-02	-3.073008e-07	-2.515321e-05	2.484591e-05
3.838384e+00	3.800975e-02	1.141291e-02	2.152376e-02	6.204132e-07	-1.083668e-05	1.145709e-05	2.147683e-02	8.834062e-08	-8.844624e-06	8.932965e-06	2.048799e-02	3.158878e-07	-2.128371e-05	2.159960e-05
4.040404e+00	3.174467e-02	1.003047e-02	1.766413e-02	5.316289e-07	-9.505757e-06	1.003739e-05	1.761685e-02	-5.258066e-09	-7.735296e-06	7.730038e-06	1.683295e-02	6.721824e-07	-1.799429e-05	1.866647e-05
4.242424e+00	2.653865e-02	8.789489e-03	1.448649e-02	4.614657e-07	-8.281313e-06	8.742779e-06	1.444019e-02	-6.747409e-08	-6.716189e-06	6.648715e-06	1.381777e-02	7.701721e-07	-1.521504e-05	1.598521e-05
4.444444e+00	2.220477e-02	7.681184e-03	1.187390e-02	4.062532e-07	-7.155513e-06	7.561766e-06	1.182948e-02	-1.078673e-07	-5.779060e-06	5.671193e-06	1.133554e-02	6.695405e-07	-1.288455e-05	1.355409e-05
4.646465e+00	1.859145e-02	6.695926e-03	9.728085e-03	3.779946e-07	-6.171875e-06	6.549870e-06	9.686189e-03	-1.164190e-07	-4.968505e-06	4.852086e-06	9.293123e-03	7.329577e-07	-1.086098e-05	1.159394e-05
4.848485e+00	1.557508e-02	5.823691e-03	7.966908e-03	3.577200e-07	-5.316235e-06	5.673955e-06	7.927940e-03	-1.097249e-07	-4.269487e-06	4.159762e-06	7.614374e-03	6.607807e-07	-9.085075e-06	9.745855e-06
5.050505e+00	1.305437e-02	5.054420e-03	6.522563e-03	3.484439e-07	-4.568608e-06	4.917052e-06	6.486699e-03	-9.104518e-08	-3.659408e-06	3.568362e-06	6.235868e-03	7.072125e-07	-7.647427e-06	8.354640e-06
5.252525e+00	1.094602e-02	4.378268e-03	5.338625e-03	3.530474e-07	-3.921827e-06	4.274874e-06	5.305921e-03	-5.723256e-08	-3.134106e-06	3.076873e-06	5.104695e-03	6.682094e-07	-6.457290e-06	7.125500e-06
5.454545e+00	9.181258e-03	3.785801e-03	4.368688e-03	3.533987e-07	-3.362227e-06	3.715625e-06	4.339093e-03	-2.553585e-08	-2.681476e-06	2.655940e-06	4.177272e-03	5.496215e-07	-5.427746e-06	5.977368e-06
5.656566e+00	7.703189e-03	3.268122e-03	3.574426e-03	3.511934e-07	-2.874988e-06	3.226181e-06	3.547809e-03	3.680590e-09	-2.288010e-06	2.291691e-06	3.417323e-03	4.896449e-07	-4.523865e-06	5.013510e-06
5.858586e+00	6.464596e-03	2.816949e-03	2.924248e-03	3.520510e-07	-2.448064e-06	2.800115e-06	2.900444e-03	3.329750e-08	-1.942182e-06	1.975479e-06	2.795040e-03	4.836920e-07	-3.786051e-06	4.269743e-06
6.060606e+00	5.426227e-03	2.424655e-03	2.392129e-03	3.592811e-07	-2.078625e-06	2.437906e-06	2.370959e-03	6.914979e-08	-1.643895e-06	1.713044e-06	2.285779e-03	4.255211e-07	-3.156930e-06	3.582451e-06
6.262626e+00	4.555401e-03	2.084284e-03	1.956658e-03	3.554532e-07	-1.763918e-06	2.119372e-06	1.937925e-03	9.353664e-08	-1.391275e-06	1.484812e-06	1.868983e-03	3.726097e-07	-2.643869e-06	3.016478e-06
6.464646e+00	3.824860e-03	1.789541e-03	1.600358e-03	3.367337e-07	-1.495153e-06	1.831887e-06	1.583856e-03	1.014332e-07	-1.176524e-06	1.277958e-06	1.527936e-03	3.142415e-07	-2.218201e-06	2.532442e-06
6.666667e+00	3.211850e-03	1.534766e-03	1.308857e-03	3.324238e-07	-1.266548e-06	1.598971e-06	1.294376e-03	1.211400e-07	-9.945365e-07	1.115677e-06	1.248941e-03	2.847789e-07	-1.855094e-06	2.139872e-06
6.868687e+00	2.697350e-03	1.314901e-03	1.070383e-03	3.268942e-07	-1.071989e-06	1.398883e-06	1.057718e-03	1.365420e-07	-8.400508e-07	9.765928e-07	1.020758e-03	2.485973e-07	-1.544191e-06	1.792788e-06
7.070707e+00	2.265454e-03	1.125450e-03	8.753275e-04	3.161219e-07	-9.071233e-07	1.223245e-06	8.642810e-04	1.457129e-07	-7.095916e-07	8.553045e-07	8.341620e-04	2.133462e-07	-1.282842e-06	1.496188e-06
7.272727e+00	1.902843e-03	9.624332e-04	7.158065e-04	2.976866e-07	-7.669327e-07	1.064619e-06	7.061944e-04	1.464398e-07	-5.991214e-07	7.455612e-07	6.815999e-04	1.889453e-07	-1.065630e-06	1.254576e-06
7.474747e+00	1.598365e-03	8.223419e-04	5.853579e-04	2.693616e-07	-6.468361e-07	9.161977e-07	5.770102e-04	1.354476e-07	-5.045380e-07	6.399856e-07	5.568939e-04	1.634336e-07	-8.860287e-07	1.049462e-06
7.676768e+00	1.342672e-03	7.020955e-04	4.786834e-04	2.536928e-07	-5.454858e-07	7.991786e-07	4.714481e-04	1.352440e-07	-4.248358e-07	5.600798e-07	4.549685e-04	1.447208e-07	-7.390508e-07	8.837716e-07
7.878788e+00	1.127929e-03	5.989962e-04	3.914531e-04	2.327973e-07	-4.595458e-07	6.923431e-07	3.851930e-04	1.281695e-07	-3.572898e-07	4.854594e-07	3.716682e-04	1.257583e-07	-6.183049e-07	7.440632e-07
8.080808e+00	9.475636e-04	5.106890e-04	3.201213e-04	2.102556e-07	-3.861829e-07	5.964384e-07	3.147148e-04	1.178903e-07	-2.995445e-07	4.174348e-07	3.036081e-04	1.053031e-07	-5.149212e-07	6.202242e-07
8.282828e+00	7.960632e-04	4.351232e-04	2.617869e-04	1.915601e-07	-3.242142e-07	5.157743e-07	2.571284e-04	1.100773e-07	-2.508434e-07	3.609207e-07	2.480078e-04	8.986083e-08	-4.276135e-07	5.174744e-07
8.484848e+00	6.688015e-04	3.705174e-04	2.140798e-04	1.741132e-07	-2.719900e-07	4.461032e-07	2.100751e-04	1.024040e-07	-2.099449e-07	3.123489e-07	2.025850e-04	7.599797e-08	-3.544164e-07	4.304144e-07
8.686869e+00	5.618958e-04	3.153272e-04	1.750657e-04	1.571307e-07	-2.280945e-07	3.852253e-07	1.716301e-04	9.419142e-08	-1.756725e-07	2.698639e-07	1.654752e-04	6.711829e-08	-2.942289e-07	3.613472e-07
8.888889e+00	4.720867e-04	2.682165e-04	1.431573e-04	1.387748e-07	-1.912328e-07	3.300076e-07	1.402155e-04	8.362266e-08	-1.469615e-07	2.305842e-07	1.351579e-04	5.707840e-08	-2.435043e-07	3.005827e-07
9.090909e+00	3.966376e-04	2.280312e-04	1.170635e-04	1.235876e-07	-1.602601e-07	2.838477e-07	1.145483e-04	7.541219e-08	-1.229212e-07	1.983334e-07	1.103913e-04	4.867503e-08	-2.014479e-07	2.501230e-07
9.292929e+00	3.332509e-04	1.937761e-04	9.572815e-05	1.081385e-07	-1.342573e-07	2.423958e-07	9.357984e-05	6.609904e-08	-1.027964e-07	1.688954e-07	9.016065e-05	4.367314e-08	-1.673136e-07	2.109867e-07
9.494949e+00	2.799968e-04	1.645944e-04	7.828396e-05	8.689120e-08	-1.124667e-07	1.993579e-07	7.645066e-05	5.024581e-08	-8.596709e-08	1.362129e-07	7.363507e-05	3.809335e-08	-1.390270e-07	1.771204e-07
9.696970e+00	2.352549e-04	1.397493e-04	6.402060e-05	7.591529e-08	-9.418566e-08	1.701010e-07	6.245750e-05	4.401110e-08	-7.187834e-08	1.158894e-07	6.013662e-05	3.259139e-08	-1.157669e-07	1.483583e-07
9.898990e+00	1.976638e-04	1.186079e-04	5.235745e-05	6.617406e-08	-7.881430e-08	1.449884e-07	5.102588e-05	3.840578e-08	-6.006019e-08	9.846597e-08	4.911122e-05	2.748949e-08	-9.614587e-08	1.236354e-07
1.010101e+01	1.660804e-04	1.006274e-04	4.281994e-05	5.791805e-08	-6.591107e-08	1.238291e-07	4.168644e-05	3.377557e-08	-5.015593e-08	8.393151e-08	4.010627e-05	2.308070e-08	-7.971627e-08	1.027970e-07
1.030303e+01	1.395442e-04	8.534276e-05	3.502065e-05	4.983579e-08	-5.510881e-08	1.049446e-07	3.405651e-05	2.886752e-08	-4.187690e-08	7.074442e-08	3.275206e-05	1.931384e-08	-6.599235e-08	8.530619e-08
1.050505e+01	1.172484e-04	7.235564e-05	2.864245e-05	4.298692e-08	-4.607725e-08	8.906417e-08	2.782298e-05	2.479252e-08	-3.496596e-08	5.975848e-08	2.674576e-05	1.649246e-08	-5.463012e-08	7.112258e-08
1.070707e+01	9.851534e-05	6.132550e-05	2.342642e-05	3.679889e-08	-3.852473e-08	7.532361e-08	2.273044e-05	2.102268e-08	-2.919522e-08	5.021790e-08	2.184040e-05	1.397637e-08	-4.518736e-08	5.916373e-08
1.090909e+01	8.277553e-05	5.196127e-05	1.916067e-05	3.166064e-08	-3.217349e-08	6.383414e-08	1.856998e-05	1.799401e-08	-2.434623e-08	4.234025e-08	1.783441e-05	1.187727e-08	-3.736449e-08	4.924176e-08
1.111111e+01	6.955064e-05	4.401440e-05	1.567199e-05	2.706178e-08	-2.686079e-08	5.392257e-08	1.517107e-05	1.523696e-08	-2.029824e-08	3.553520e-08	1.456310e-05	1.003455e-08	-3.086742e-08	4.090197e-08
1.131313e+01	5.843879e-05	3.727283e-05	1.281884e-05	2.311197e-08	-2.240137e-08	4.551334e-08	1.239433e-05	1.289449e-08	-1.690118e-08	2.979567e-08	1.189162e-05	8.650086e-09	-2.553347e-08	3.418356e-08
1.151515e+01	4.910233e-05	3.155573e-05	1.048521e-05	1.975484e-08	-1.866051e-08	3.841535e-08	1.012575e-05	1.093918e-08	-1.405278e-08	2.499195e-08	9.710075e-06	7.320417e-09	-2.110969e-08	2.843010e-08
1.171717e+01	4.125757e-05	2.670900e-05	8.576426e-06	1.697023e-08	-1.553665e-08	3.250688e-08	8.272350e-06	9.370954e-09	-1.167818e-08	2.104913e-08	7.928713e-06	6.242607e-09	-1.746973e-08	2.371233e-08
1.191919e+01	3.466616e-05	2.260142e-05	7.014950e-06	1.443048e-08	-1.293434e-08	2.736481e-08	6.758066e-06	7.881660e-09	-9.703633e-09	1.758529e-08	6.474136e-06	5.382427e-09	-1.445980e-08	1.984222e-08
1.212121e+01	2.912784e-05	1.912128e-05	5.737763e-06	1.225905e-08	-1.076784e-08	2.302689e-08	5.520943e-06	6.618111e-09	-8.063021e-09	1.468113e-08	5.286406e-06	4.617504e-09	-1.199048e-08	1.660798e-08
1.232323e+01	2.447435e-05	1.617358e-05	4.693247e-06	1.043846e-08	-8.960673e-09	1.939913e-08	4.510341e-06	5.583667e-09	-6.698434e-09	1.228210e-08	4.316559e-06	3.909791e-09	-9.945795e-09	1.385559e-08
1.252525e+01	2.056432e-05	1.367751e-05	3.838963e-06	8.850744e-09	-7.455377e-09	1.630612e-08	3.684744e-06	4.674721e-09	-5.564030e-09	1.023875e-08	3.524622e-06	3.286772e-09	-8.229922e-09	1.151669e-08
1.272727e+01	1.727897e-05	1.156442e-05	3.140254e-06	7.447583e-09	-6.200842e-09	1.364842e-08	3.010275e-06	3.856552e-09	-4.619639e-09	8.476191e-09	2.877963e-06	2.810805e-09	-6.806806e-09	9.617611e-09
1.292929e+01	1.451849e-05	9.775976e-06	2.568801e-06	6.292376e-09	-5.157040e-09	1.144942e-08	2.459295e-06	3.204148e-09	-3.835081e-09	7.039229e-09	2.349940e-06	2.390933e-09	-5.627190e-09	8.018123e-09
1.313131e+01	1.219904e-05	8.262652e-06	2.101409e-06	5.311456e-09	-4.289719e-09	9.601174e-09	2.009188e-06	2.657327e-09	-3.184591e-09	5.841918e-09	1.918788e-06	2.022005e-09	-4.647335e-09	6.669340e-09
1.333333e+01	1.025013e-05	6.982405e-06	1.719115e-06	4.497520e-09	-3.567519e-09	8.065038e-09	1.641478e-06	2.217384e-09	-2.643611e-09	4.860995e-09	1.566739e-06	1.719227e-09	-3.837340e-09	5.556567e-09
1.353535e+01	8.612590e-06	5.899565e-06	1.406412e-06	3.824326e-09	-2.967401e-09	6.791727e-09	1.341074e-06	1.866114e-09	-2.194978e-09	4.061093e-09	1.279280e-06	1.457863e-09	-3.168080e-09	4.625943e-09
1.373737e+01	7.236659e-06	4.983877e-06	1.150625e-06	3.210750e-09	-2.466704e-09	5.677454e-09	1.095659e-06	1.531060e-09	-1.821822e-09	3.352882e-09	1.044564e-06	1.231812e-09	-2.615597e-09	3.847409e-09
1.393939e+01	6.080545e-06	4.209686e-06	9.413807e-07	2.590264e-09	-2.049082e-09	4.639346e-09	8.951669e-07	1.150172e-09	-1.510905e-09	2.661077e-09	8.529040e-07	1.036892e-09	-2.159238e-09	3.196129e-09
1.414141e+01	5.109131e-06	3.555247e-06	7.702128e-07	2.219613e-09	-1.702187e-09	3.921800e-09	7.313673e-07	9.851338e-10	-1.253077e-09	2.238211e-09	6.964096e-07	8.716771e-10	-1.781710e-09	2.653387e-09
1.434343e+01	4.292908e-06	3.002134e-06	6.301875e-07	1.899144e-09	-1.414237e-09	3.313381e-09	5.975436e-07	8.415131e-10	-1.039405e-09	1.880918e-09	5.686299e-07	7.374438e-10	-1.470342e-09	2.207786e-09
1.454545e+01	3.607084e-06	2.534737e-06	5.156372e-07	1.607083e-09	-1.174797e-09	2.781880e-09	4.882116e-07	7.009971e-10	-8.618874e-10	1.562885e-09	4.642960e-07	6.195845e-10	-1.213251e-09	1.832836e-09
1.474747e+01	3.030825e-06	2.139837e-06	4.219243e-07	1.360194e-09	-9.761288e-10	2.336323e-09	3.988881e-07	5.840432e-10	-7.148373e-10	1.298881e-09	3.791061e-07	5.203158e-10	-1.001064e-09	1.521380e-09
1.494949e+01	2.546629e-06	1.806239e-06	3.452554e-07	1.155965e-09	-8.107827e-10	1.966748e-09	3.259107e-07	4.918847e-10	-5.928344e-10	1.084719e-09	3.095478e-07	4.382193e-10	-8.262282e-10	1.264448e-09
1.515152e+01	2.139786e-06	1.524470e-06	2.825207e-07	9.820781e-10	-6.729665e-10	1.655045e-09	2.662883e-07	4.147286e-10	-4.913993e-10	9.061280e-10	2.527518e-07	3.690358e-10	-6.820951e-10	1.051131e-09
1.535354e+01	1.797940e-06	1.286510e-06	2.311822e-07	8.338463e-10	-5.581270e-10	1.391973e-09	2.175700e-07	3.493269e-10	-4.068885e-10	7.562154e-10	2.063701e-07	3.101387e-10	-5.629103e-10	8.730490e-10
1.555556e+01	1.510706e-06	1.085576e-06	1.891803e-07	7.076351e-10	-4.629446e-10	1.170580e-09	1.777661e-07	2.938448e-10	-3.369226e-10	6.307673e-10	1.684996e-07	2.622085e-10	-4.649607e-10	7.271692e-10
1.575758e+01	1.269360e-06	9.159290e-07	1.548159e-07	5.991693e-10	-3.840716e-10	9.832409e-10	1.452456e-07	2.458400e-10	-2.790366e-10	5.248766e-10	1.375789e-07	2.203539e-10	-3.841400e-10	6.044939e-10
1.595960e+01	1.066571e-06	7.727151e-07	1.266986e-07	4.936702e-10	-3.185513e-10	8.122215e-10	1.186756e-07	1.921482e-10	-2.310373e-10	4.231855e-10	1.123329e-07	1.851797e-10	-3.176636e-10	5.028433e-10
1.616162e+01	8.961784e-07	6.518305e-07	1.036911e-07	4.130317e-10	-2.641455e-10	6.771772e-10	9.696734e-08	1.559838e-10	-1.912951e-10	3.472789e-10	9.172033e-08	1.550721e-10	-2.625183e-10	4.175904e-10
1.636364e+01	7.530076e-07	5.498055e-07	8.486373e-08	3.490176e-10	-2.190021e-10	5.680196e-10	7.923311e-08	1.299340e-10	-1.583894e-10	2.883234e-10	7.489058e-08	1.296472e-10	-2.167974e-10	3.464446e-10
1.656566e+01	6.327093e-07	4.637074e-07	6.945044e-08	2.961877e-10	-1.812655e-10	4.774532e-10	6.474005e-08	1.094037e-10	-1.308513e-10	2.402550e-10	6.114471e-08	1.086236e-10	-1.789392e-10	2.875628e-10
1.676768e+01	5.316295e-07	3.910579e-07	5.683896e-08	2.513534e-10	-1.500494e-10	4.014028e-10	5.289785e-08	9.211976e-11	-1.081057e-10	2.002255e-10	4.992028e-08	9.113089e-11	-1.476657e-10	2.387966e-10
1.696970e+01	4.466980e-07	3.297624e-07	4.651930e-08	2.131419e-10	-1.242085e-10	3.373504e-10	4.322189e-08	7.747584e-11	-8.931794e-11	1.667938e-10	4.075667e-08	7.641083e-11	-1.218109e-10	1.982217e-10
1.717172e+01	3.753348e-07	2.780519e-07	3.807514e-08	1.805665e-10	-1.027851e-10	2.833515e-10	3.531637e-08	6.506640e-11	-7.377686e-11	1.388433e-10	3.327563e-08	6.402165e-11	-1.004566e-10	1.644782e-10
1.737374e+01	3.153725e-07	2.344317e-07	3.116587e-08	1.528511e-10	-8.504612e-11	2.378972e-10	2.885829e-08	5.457689e-11	-6.094247e-11	1.155194e-10	2.716834e-08	5.353639e-11	-8.281669e-11	1.363531e-10
1.757576e+01	2.649895e-07	1.976394e-07	2.550833e-08	1.293744e-10	-7.027362e-11	1.996480e-10	2.358163e-08	4.575438e-11	-5.026116e-11	9.601554e-11	2.218138e-08	4.483745e-11	-6.827351e-11	1.131110e-10
1.777778e+01	2.226556e-07	1.666090e-07	2.087778e-08	1.092815e-10	-5.801425e-11	1.672957e-10	1.926898e-08	3.814727e-11	-4.140211e-11	7.954938e-11	1.810708e-08	3.738107e-11	-5.624684e-11	9.362791e-11
1.797980e+01	1.870848e-07	1.404406e-07	1.708887e-08	9.193226e-11	-4.789189e-11	1.398242e-10	1.574527e-08	3.145661e-11	-3.410503e-11	6.556165e-11	1.478090e-08	3.128581e-11	-4.631928e-11	7.760509e-11
1.818182e+01	1.571967e-07	1.183741e-07	1.398865e-08	7.749648e-11	-3.953400e-11	1.170305e-10	1.286645e-08	2.612555e-11	-2.809778e-11	5.422334e-11	1.206590e-08	2.634518e-11	-3.815815e-11	6.450333e-11
1.838384e+01	1.320834e-07	9.976809e-08	1.145114e-08	6.537285e-11	-3.263361e-11	9.800646e-11	1.051487e-08	2.175516e-11	-2.315306e-11	4.490823e-11	9.849661e-09	2.203743e-11	-3.145279e-11	5.349023e-11
1.858586e+01	1.109822e-07	8.408111e-08	9.373001e-09	5.517382e-11	-2.688514e-11	8.205896e-11	8.592619e-09	1.815096e-11	-1.903372e-11	3.718468e-11	8.039592e-09	1.831207e-11	-2.584188e-11	4.415395e-11
1.878788e+01	9.325200e-08	7.085621e-08	7.672608e-09	4.657464e-11	-2.214915e-11	6.872379e-11	7.022030e-09	1.517403e-11	-1.564923e-11	3.082326e-11	6.561159e-09	1.537425e-11	-2.126075e-11	3.663500e-11
1.898990e+01	7.835434e-08	5.970778e-08	6.281269e-09	3.929854e-11	-1.824950e-11	5.754804e-11	5.739022e-09	1.268312e-11	-1.287093e-11	2.555406e-11	5.354595e-09	1.282405e-11	-1.749683e-11	3.032088e-11
1.919192e+01	6.583669e-08	5.031046e-08	5.142019e-09	3.314520e-11	-1.502861e-11	4.817381e-11	4.690722e-09	1.059786e-11	-1.058196e-11	2.117982e-11	4.369976e-09	1.081526e-11	-1.440940e-11	2.522466e-11
1.939394e+01	5.531882e-08	4.238975e-08	4.209318e-09	2.769757e-11	-1.236206e-11	4.005963e-11	3.833807e-09	8.607167e-12	-8.688767e-12	1.729593e-11	3.565663e-09	9.026642e-12	-1.182551e-11	2.085215e-11
1.959596e+01	4.648125e-08	3.571406e-08	3.445865e-09	2.329756e-11	-1.016897e-11	3.346653e-11	3.133591e-09	7.140490e-12	-7.135958e-12	1.427645e-11	2.908860e-09	7.518511e-12	-9.718129e-12	1.723664e-11
1.979798e+01	3.905555e-08	3.008806e-08	2.820660e-09	1.962212e-11	-8.357543e-12	2.797966e-11	2.561238e-09	5.949497e-12	-5.854993e-12	1.180449e-11	2.372802e-09	6.299324e-12	-7.970242e-12	1.426957e-11
2.000000e+01	3.281615e-08	2.534700e-08	2.308816e-09	1.652549e-11	-6.865656e-12	2.339114e-11	2.093393e-09	4.957937e-12	-4.801521e-12	9.759458e-12	1.935101e-09	5.328214e-12	-6.528670e-12	1.185688e-11
