                                                      NUCLIDE ABUNDANCE YIELDS
                                                      ------- --------- ------


 Computational parameters:
   cy = 0.300/  ct = 0.030/  initial temp = 1.00E+02/  final temp = 1.00E-02/  smallest abundances allowed = 1.00E-25
 Model parameters:
   g =  1.00/  tau = 887.00/  # nu =  3.00/  lambda =  0.000E+00/  xi-e =  0.000E+00/  xi-m =  0.000E+00/  xi-t =  0.000E+00

    Temp        N/H          P          D/H         T/H        He3/H        He4        Li6/H       Li7/H       Be7/H      Li8/H&up
------------------------------------------------------------------------------------------------------------------------------------
 1.000E+02   8.606E-01   5.375E-01   3.533E-12   1.861E-25   1.861E-25   4.000E-25   1.861E-25   1.861E-25   1.861E-25   3.163E-24
 4.675E+01   7.243E-01   5.799E-01   1.372E-12   1.480E-24   1.691E-24   4.000E-25   1.724E-25   1.724E-25   1.724E-25   2.931E-24
 1.952E+01   4.833E-01   6.742E-01   6.179E-13   1.214E-24   1.595E-24   4.000E-25   1.483E-25   1.483E-25   1.483E-25   2.522E-24
 8.460E+00   2.840E-01   7.788E-01   6.573E-13   3.123E-23   3.858E-23   3.625E-23   1.284E-25   1.284E-25   1.284E-25   2.183E-24
 4.318E+00   2.160E-01   8.224E-01   3.287E-12   1.477E-19   8.873E-20   1.740E-17   1.216E-25   1.216E-25   1.216E-25   3.165E-24
 2.600E+00   1.964E-01   8.359E-01   6.197E-11   6.873E-14   1.160E-14   1.038E-12   1.196E-25   1.196E-25   1.196E-25   3.947E-21
 1.607E+00   1.823E-01   8.458E-01   9.559E-09   1.303E-09   2.881E-11   1.644E-08   1.182E-25   7.062E-25   1.182E-25   7.415E-21
 1.155E+00   1.666E-01   8.572E-01   2.358E-06   2.008E-07   5.713E-10   8.649E-07   6.219E-22   3.044E-18   1.358E-24   7.275E-21
 9.437E-01   1.518E-01   8.677E-01   2.157E-04   5.581E-06   7.605E-09   1.844E-04   1.262E-17   2.205E-13   1.364E-20   1.310E-18
 8.198E-01   9.759E-02   8.354E-01   4.801E-03   9.320E-05   2.400E-06   7.481E-02   1.203E-13   1.511E-09   1.594E-15   5.210E-14
 6.086E-01   4.421E-05   7.589E-01   3.492E-04   4.049E-06   1.318E-05   2.405E-01   1.777E-13   3.853E-10   1.777E-11   6.606E-16
 2.666E-01   4.075E-07   7.589E-01   8.673E-05   3.940E-07   1.446E-05   2.410E-01   3.167E-14   6.720E-11   6.326E-11   5.878E-16
 1.219E-01   2.511E-08   7.589E-01   7.941E-05   2.672E-07   1.557E-05   2.410E-01   3.040E-14   6.477E-11   5.584E-11   5.520E-16
 6.849E-02   1.149E-09   7.589E-01   7.885E-05   2.538E-07   1.572E-05   2.410E-01   3.158E-14   6.489E-11   5.560E-11   5.519E-16
 2.860E-02   3.553E-12   7.589E-01   7.878E-05   2.545E-07   1.574E-05   2.410E-01   3.170E-14   6.489E-11   5.559E-11   5.519E-16
 1.194E-02   3.385E-15   7.589E-01   7.878E-05   2.541E-07   1.574E-05   2.410E-01   3.170E-14   6.489E-11   5.559E-11   5.519E-16
 9.741E-03   5.431E-16   7.589E-01   7.878E-05   2.538E-07   1.599E-05   2.385E-01   3.170E-14   1.205E-10   5.559E-11   5.519E-16
 
    Temp         T          rhog        rhoe       rhone        rhob        phie         dt         eta          H
------------------------------------------------------------------------------------------------------------------------------------
 1.000E+02   1.082E-02   8.418E+08   1.474E+09   2.210E+09   2.779E+01   3.180E-10   1.000E-04   8.250E-10   5.029E+01
 4.675E+01   4.642E-02   4.021E+07   7.033E+07   1.054E+08   2.837E+00   3.438E-10   2.578E-03   8.243E-10   1.099E+01
 1.952E+01   2.629E-01   1.223E+06   2.127E+06   3.184E+06   2.055E-01   4.041E-10   1.487E-02   8.199E-10   1.911E+00
 8.460E+00   1.419E+00   4.312E+04   7.264E+04   1.083E+05   1.627E-02   4.861E-10   6.240E-02   7.980E-10   3.538E-01
 4.318E+00   5.731E+00   2.928E+03   4.388E+03   6.540E+03   1.983E-03   5.745E-10   3.113E-01   7.310E-10   8.799E-02
 2.600E+00   1.753E+01   3.846E+02   4.359E+02   6.811E+02   3.635E-04   7.471E-10   4.719E-01   6.140E-10   2.897E-02
 1.607E+00   5.469E+01   5.610E+01   3.325E+01   6.703E+01   6.387E-05   1.352E-09   1.753E+00   4.572E-10   9.348E-03
 1.155E+00   1.207E+02   1.497E+01   3.821E+00   1.328E+01   1.896E-05   3.134E-09   2.259E+00   3.657E-10   4.233E-03
 9.437E-01   1.916E+02   6.677E+00   8.025E-01   5.173E+00   9.352E-06   7.038E-09   2.338E+00   3.303E-10   2.659E-03
 8.198E-01   2.604E+02   3.803E+00   2.354E-01   2.770E+00   5.855E-06   1.468E-08   2.910E+00   3.154E-10   1.951E-03
 6.086E-01   4.824E+02   1.155E+00   1.091E-02   7.948E-01   2.295E-06   1.175E-07   1.515E+01   3.022E-10   1.047E-03
 2.666E-01   2.509E+03   4.251E-02   9.729E-09   2.896E-02   1.914E-07   7.812E-03   1.416E+02   2.999E-10   1.998E-04
 1.219E-01   1.198E+04   1.859E-03   0.000E+00   1.266E-03   1.830E-08   1.730E+01   4.644E+02   2.999E-10   4.179E-05
 6.849E-02   3.793E+04   1.852E-04   0.000E+00   1.262E-04   3.245E-09   1.730E+01   2.146E+03   2.999E-10   1.319E-05
 2.860E-02   2.176E+05   5.631E-06   0.000E+00   3.836E-06   2.363E-10   1.730E+01   1.231E+04   2.999E-10   2.300E-06
 1.194E-02   1.248E+06   1.712E-07   0.000E+00   1.166E-07   1.721E-11   1.730E+01   7.057E+04   2.999E-10   4.011E-07
 9.741E-03   1.876E+06   7.578E-08   0.000E+00   5.162E-08   9.337E-12   1.730E+01   1.061E+05   2.999E-10   2.668E-07




