                                                      NUCLIDE ABUNDANCE YIELDS
                                                      ------- --------- ------


 Computational parameters:
   cy = 0.300/  ct = 0.030/  initial temp = 1.00E+02/  final temp = 1.00E-02/  smallest abundances allowed = 1.00E-25
 Model parameters:
   g =  1.00/  tau = 885.70/  # nu =  3.00/  lambda =  0.000E+00/  xi-e =  0.000E+00/  xi-m =  0.000E+00/  xi-t =  0.000E+00

    Temp        N/H          P          D/H         T/H        He3/H        He4        Li6/H       Li7/H       Be7/H      Li8/H&up
------------------------------------------------------------------------------------------------------------------------------------
 1.000E+02   8.606E-01   5.375E-01   7.044E-12   1.861E-25   1.861E-25   4.000E-25   1.861E-25   1.861E-25   1.861E-25   3.163E-24
 4.687E+01   7.271E-01   5.790E-01   2.750E-12   5.932E-24   6.752E-24   4.000E-25   1.727E-25   1.727E-25   1.727E-25   2.936E-24
 1.957E+01   4.863E-01   6.728E-01   1.240E-12   4.861E-24   6.351E-24   4.000E-25   1.486E-25   1.486E-25   1.486E-25   2.527E-24
 8.522E+00   2.858E-01   7.777E-01   1.307E-12   1.189E-22   1.470E-22   6.538E-23   1.286E-25   1.286E-25   1.286E-25   2.186E-24
 4.550E+00   2.188E-01   8.205E-01   5.368E-12   2.271E-19   1.495E-19   6.253E-17   1.219E-25   1.219E-25   1.219E-25   3.047E-24
 2.682E+00   1.968E-01   8.355E-01   9.752E-11   9.807E-14   1.833E-14   3.327E-12   1.197E-25   1.197E-25   1.197E-25   6.499E-21
 1.714E+00   1.842E-01   8.445E-01   8.307E-09   1.312E-09   4.056E-11   3.864E-08   1.184E-25   1.423E-24   1.184E-25   1.294E-20
 1.215E+00   1.692E-01   8.553E-01   1.750E-06   2.111E-07   8.595E-10   2.085E-06   1.247E-21   5.187E-18   5.029E-24   1.235E-20
 9.793E-01   1.543E-01   8.658E-01   1.740E-04   5.010E-06   6.996E-09   3.101E-04   1.892E-17   3.357E-13   2.642E-20   1.763E-18
 8.455E-01   8.449E-02   8.189E-01   3.679E-03   7.454E-05   1.713E-06   1.057E-01   1.634E-13   1.861E-09   2.135E-15   4.982E-14
 6.792E-01   2.242E-05   7.527E-01   2.113E-04   2.667E-06   1.017E-05   2.469E-01   1.219E-13   2.461E-10   3.829E-11   1.185E-15
 3.278E-01   8.289E-08   7.527E-01   3.099E-05   1.457E-07   9.571E-06   2.473E-01   1.222E-14   2.566E-11   4.244E-10   3.854E-15
 1.413E-01   7.113E-09   7.527E-01   2.682E-05   8.887E-08   1.032E-05   2.473E-01   1.045E-14   2.812E-11   4.041E-10   1.220E-15
 8.066E-02   6.004E-10   7.527E-01   2.657E-05   8.422E-08   1.041E-05   2.473E-01   1.129E-14   2.894E-11   4.029E-10   1.192E-15
 4.333E-02   1.377E-11   7.527E-01   2.654E-05   8.414E-08   1.043E-05   2.473E-01   1.146E-14   2.898E-11   4.028E-10   1.192E-15
 1.810E-02   2.447E-14   7.527E-01   2.654E-05   8.414E-08   1.043E-05   2.473E-01   1.147E-14   2.898E-11   4.028E-10   1.192E-15
 9.819E-03   1.308E-16   7.527E-01   2.654E-05   8.395E-08   1.043E-05   2.473E-01   1.147E-14   2.898E-11   4.028E-10   1.192E-15
 
    Temp         T          rhog        rhoe       rhone        rhob        phie         dt         eta          H
------------------------------------------------------------------------------------------------------------------------------------
 1.000E+02   1.082E-02   8.418E+08   1.474E+09   2.210E+09   5.541E+01   6.342E-10   1.000E-04   1.645E-09   5.028E+01
 4.687E+01   4.616E-02   4.064E+07   7.107E+07   1.066E+08   5.704E+00   6.852E-10   2.563E-03   1.644E-09   1.104E+01
 1.957E+01   2.612E-01   1.236E+06   2.149E+06   3.226E+06   4.138E-01   8.066E-10   1.476E-02   1.638E-09   1.923E+00
 8.522E+00   1.395E+00   4.439E+04   7.483E+04   1.121E+05   3.330E-02   9.725E-10   5.900E-02   1.597E-09   3.598E-01
 4.550E+00   5.114E+00   3.608E+03   5.495E+03   8.231E+03   4.698E-03   1.134E-09   2.950E-01   1.481E-09   9.853E-02
 2.682E+00   1.628E+01   4.358E+02   5.070E+02   7.922E+02   8.118E-04   1.467E-09   4.483E-01   1.249E-09   3.117E-02
 1.714E+00   4.663E+01   7.269E+01   4.860E+01   9.288E+01   1.627E-04   2.430E-09   1.362E+00   9.587E-10   1.095E-02
 1.215E+00   1.067E+02   1.837E+01   5.499E+00   1.710E+01   4.572E-05   5.359E-09   1.738E+00   7.561E-10   4.790E-03
 9.793E-01   1.758E+02   7.743E+00   1.086E+00   6.164E+00   2.127E-05   1.200E-08   2.326E+00   6.722E-10   2.898E-03
 8.455E-01   2.430E+02   4.302E+00   3.114E-01   3.189E+00   1.297E-05   2.490E-08   2.870E+00   6.372E-10   2.090E-03
 6.792E-01   3.849E+02   1.791E+00   3.677E-02   1.254E+00   6.442E-06   1.004E-07   7.112E+00   6.105E-10   1.314E-03
 3.278E-01   1.656E+03   9.723E-02   8.765E-07   6.652E-02   7.121E-07   3.763E-04   9.344E+01   6.000E-10   3.028E-04
 1.413E-01   8.900E+03   3.354E-03   1.799E-11   2.294E-03   5.699E-08   1.515E+01   3.771E+02   6.000E-10   5.624E-05
 8.066E-02   2.729E+04   3.563E-04   0.000E+00   2.438E-04   1.061E-08   1.728E+01   7.780E+02   6.000E-10   1.833E-05
 4.333E-02   9.455E+04   2.968E-05   0.000E+00   2.031E-05   1.645E-09   1.728E+01   5.348E+03   6.000E-10   5.291E-06
 1.810E-02   5.423E+05   9.026E-07   0.000E+00   6.174E-07   1.197E-10   1.728E+01   3.067E+04   6.000E-10   9.226E-07
 9.819E-03   1.842E+06   7.826E-08   0.000E+00   5.354E-08   1.913E-11   1.728E+01   1.042E+05   6.000E-10   2.717E-07




                        eta             D           He3           He4           Li7 
 Observables:   0.60000E-09   0.26537E-04   0.10514E-04   0.24696E+00   0.43178E-09 
