The data is taken from SM-sinsquare13=0.047.normh_y.dat produced by the sm in Astray/SM+oscillations, oscillations are taken into account, mass hieararchy is normal
xx=1.275222e+01, dx=2.519381e-02, T=1.303505e+00; time needed till here: 1.000000e+00 seconds.
       y	f_photons	f_electrons	  f_nu_e	Coll_nu_e	Cforw_nu_e	Cback_nu_e	 f_nu_mu	Coll_nu_mu	Cforw_nu_mu	Cback_nu_mu	f_nu_tau_normh	Coll_nu_tau_normh	Cforw_nu_tau_normh	Cback_nu_tau_normh
0.000000e+00	     inf	6.698674e-03	5.000000e-01	0.000000e+00	-0.000000e+00	0.000000e+00	5.000000e-01	0.000000e+00	-0.000000e+00	0.000000e+00	5.000000e-01	0.000000e+00	-0.000000e+00	0.000000e+00
3.030303e-01	3.820921e+00	6.662823e-03	4.247380e-01	0.000000e+00	-0.000000e+00	0.000000e+00	4.247416e-01	0.000000e+00	-0.000000e+00	0.000000e+00	4.247488e-01	0.000000e+00	-0.000000e+00	0.000000e+00
6.060606e-01	1.689389e+00	6.556637e-03	3.528870e-01	0.000000e+00	-0.000000e+00	0.000000e+00	3.528896e-01	0.000000e+00	-0.000000e+00	0.000000e+00	3.528914e-01	0.000000e+00	-0.000000e+00	0.000000e+00
9.090909e-01	9.915078e-01	6.384113e-03	2.871533e-01	0.000000e+00	-0.000000e+00	0.000000e+00	2.871532e-01	0.000000e+00	-0.000000e+00	0.000000e+00	2.871451e-01	0.000000e+00	-0.000000e+00	0.000000e+00
1.212121e+00	6.517883e-01	6.151588e-03	2.293409e-01	0.000000e+00	-0.000000e+00	0.000000e+00	2.293376e-01	0.000000e+00	-0.000000e+00	0.000000e+00	2.293190e-01	0.000000e+00	-0.000000e+00	0.000000e+00
1.515152e+00	4.550637e-01	5.867282e-03	1.802356e-01	0.000000e+00	-0.000000e+00	0.000000e+00	1.802293e-01	0.000000e+00	-0.000000e+00	0.000000e+00	1.802016e-01	0.000000e+00	-0.000000e+00	0.000000e+00
1.818182e+00	3.295617e-01	5.540746e-03	1.397446e-01	0.000000e+00	-0.000000e+00	0.000000e+00	1.397362e-01	0.000000e+00	-0.000000e+00	0.000000e+00	1.397023e-01	0.000000e+00	-0.000000e+00	0.000000e+00
2.121212e+00	2.444876e-01	5.182259e-03	1.071667e-01	0.000000e+00	-0.000000e+00	0.000000e+00	1.071570e-01	0.000000e+00	-0.000000e+00	0.000000e+00	1.071195e-01	0.000000e+00	-0.000000e+00	0.000000e+00
2.424242e+00	1.844210e-01	4.802238e-03	8.146752e-02	0.000000e+00	-0.000000e+00	0.000000e+00	8.145733e-02	0.000000e+00	-0.000000e+00	0.000000e+00	8.141907e-02	0.000000e+00	-0.000000e+00	0.000000e+00
2.727273e+00	1.407812e-01	4.410710e-03	6.150979e-02	0.000000e+00	-0.000000e+00	0.000000e+00	6.149963e-02	0.000000e+00	-0.000000e+00	0.000000e+00	6.146230e-02	0.000000e+00	-0.000000e+00	0.000000e+00
3.030303e+00	1.084132e-01	4.016884e-03	4.619734e-02	0.000000e+00	-0.000000e+00	0.000000e+00	4.618770e-02	0.000000e+00	-0.000000e+00	0.000000e+00	4.615276e-02	0.000000e+00	-0.000000e+00	0.000000e+00
3.333333e+00	8.403532e-02	3.628836e-03	3.455766e-02	0.000000e+00	-0.000000e+00	0.000000e+00	3.454887e-02	0.000000e+00	-0.000000e+00	0.000000e+00	3.451724e-02	0.000000e+00	-0.000000e+00	0.000000e+00
3.636364e+00	6.546283e-02	3.253320e-03	2.577269e-02	0.000000e+00	-0.000000e+00	0.000000e+00	2.576482e-02	0.000000e+00	-0.000000e+00	0.000000e+00	2.573676e-02	0.000000e+00	-0.000000e+00	0.000000e+00
3.939394e+00	5.118884e-02	2.895689e-03	1.917747e-02	0.000000e+00	-0.000000e+00	0.000000e+00	1.917057e-02	0.000000e+00	-0.000000e+00	0.000000e+00	1.914612e-02	0.000000e+00	-0.000000e+00	0.000000e+00
4.242424e+00	4.014452e-02	2.559909e-03	1.424573e-02	0.000000e+00	-0.000000e+00	0.000000e+00	1.423980e-02	0.000000e+00	-0.000000e+00	0.000000e+00	1.421889e-02	0.000000e+00	-0.000000e+00	0.000000e+00
4.545455e+00	3.155461e-02	2.248653e-03	1.056891e-02	0.000000e+00	-0.000000e+00	0.000000e+00	1.056390e-02	0.000000e+00	-0.000000e+00	0.000000e+00	1.054628e-02	0.000000e+00	-0.000000e+00	0.000000e+00
4.848485e+00	2.484663e-02	1.963442e-03	7.833908e-03	0.000000e+00	-0.000000e+00	0.000000e+00	7.829700e-03	0.000000e+00	-0.000000e+00	0.000000e+00	7.814954e-03	0.000000e+00	-0.000000e+00	0.000000e+00
5.151515e+00	1.959174e-02	1.704814e-03	5.802762e-03	0.000000e+00	-0.000000e+00	0.000000e+00	5.799257e-03	0.000000e+00	-0.000000e+00	0.000000e+00	5.787021e-03	0.000000e+00	-0.000000e+00	0.000000e+00
5.454545e+00	1.546499e-02	1.472506e-03	4.296078e-03	0.000000e+00	-0.000000e+00	0.000000e+00	4.293193e-03	0.000000e+00	-0.000000e+00	0.000000e+00	4.283140e-03	0.000000e+00	-0.000000e+00	0.000000e+00
5.757576e+00	1.221791e-02	1.265635e-03	3.179439e-03	0.000000e+00	-0.000000e+00	0.000000e+00	3.177085e-03	0.000000e+00	-0.000000e+00	0.000000e+00	3.168891e-03	0.000000e+00	-0.000000e+00	0.000000e+00
6.060606e+00	9.659075e-03	1.082861e-03	2.352419e-03	0.000000e+00	-0.000000e+00	0.000000e+00	2.350513e-03	0.000000e+00	-0.000000e+00	0.000000e+00	2.343878e-03	0.000000e+00	-0.000000e+00	0.000000e+00
6.363636e+00	7.640193e-03	9.225357e-04	1.740221e-03	0.000000e+00	-0.000000e+00	0.000000e+00	1.738679e-03	0.000000e+00	-0.000000e+00	0.000000e+00	1.733321e-03	0.000000e+00	-0.000000e+00	0.000000e+00
6.666667e+00	6.045812e-03	7.828248e-04	1.287188e-03	0.000000e+00	-0.000000e+00	0.000000e+00	1.285944e-03	0.000000e+00	-0.000000e+00	0.000000e+00	1.281631e-03	0.000000e+00	-0.000000e+00	0.000000e+00
6.969697e+00	4.785732e-03	6.618106e-04	9.520026e-04	0.000000e+00	-0.000000e+00	0.000000e+00	9.510049e-04	0.000000e+00	-0.000000e+00	0.000000e+00	9.475541e-04	0.000000e+00	-0.000000e+00	0.000000e+00
7.272727e+00	3.789270e-03	5.575699e-04	7.040517e-04	0.000000e+00	-0.000000e+00	0.000000e+00	7.032573e-04	0.000000e+00	-0.000000e+00	0.000000e+00	7.005109e-04	0.000000e+00	-0.000000e+00	0.000000e+00
7.575758e+00	3.000905e-03	4.682337e-04	5.206630e-04	0.000000e+00	-0.000000e+00	0.000000e+00	5.200325e-04	0.000000e+00	-0.000000e+00	0.000000e+00	5.178532e-04	0.000000e+00	-0.000000e+00	0.000000e+00
7.878788e+00	2.376950e-03	3.920286e-04	3.850363e-04	0.000000e+00	-0.000000e+00	0.000000e+00	3.845372e-04	0.000000e+00	-0.000000e+00	0.000000e+00	3.828124e-04	0.000000e+00	-0.000000e+00	0.000000e+00
8.181818e+00	1.882973e-03	3.273044e-04	2.847366e-04	0.000000e+00	-0.000000e+00	0.000000e+00	2.843428e-04	0.000000e+00	-0.000000e+00	0.000000e+00	2.829818e-04	0.000000e+00	-0.000000e+00	0.000000e+00
8.484848e+00	1.491807e-03	2.725498e-04	2.105677e-04	0.000000e+00	-0.000000e+00	0.000000e+00	2.102572e-04	0.000000e+00	-0.000000e+00	0.000000e+00	2.091846e-04	0.000000e+00	-0.000000e+00	0.000000e+00
8.787879e+00	1.181996e-03	2.263991e-04	1.557208e-04	0.000000e+00	-0.000000e+00	0.000000e+00	1.554761e-04	0.000000e+00	-0.000000e+00	0.000000e+00	1.546321e-04	0.000000e+00	-0.000000e+00	0.000000e+00
9.090909e+00	9.365862e-04	1.876324e-04	1.151606e-04	0.000000e+00	-0.000000e+00	0.000000e+00	1.149682e-04	0.000000e+00	-0.000000e+00	0.000000e+00	1.143059e-04	0.000000e+00	-0.000000e+00	0.000000e+00
9.393939e+00	7.421666e-04	1.551706e-04	8.516476e-05	0.000000e+00	-0.000000e+00	0.000000e+00	8.501424e-05	0.000000e+00	-0.000000e+00	0.000000e+00	8.449642e-05	0.000000e+00	-0.000000e+00	0.000000e+00
9.696970e+00	5.881290e-04	1.280675e-04	6.298258e-05	0.000000e+00	-0.000000e+00	0.000000e+00	6.286516e-05	0.000000e+00	-0.000000e+00	0.000000e+00	6.246137e-05	0.000000e+00	-0.000000e+00	0.000000e+00
1.000000e+01	4.660770e-04	1.054998e-04	4.657891e-05	0.000000e+00	-0.000000e+00	0.000000e+00	4.648751e-05	0.000000e+00	-0.000000e+00	0.000000e+00	4.617323e-05	0.000000e+00	-0.000000e+00	0.000000e+00
1.030303e+01	3.693633e-04	8.675572e-05	3.444858e-05	0.000000e+00	-0.000000e+00	0.000000e+00	3.437752e-05	0.000000e+00	-0.000000e+00	0.000000e+00	3.413317e-05	0.000000e+00	-0.000000e+00	0.000000e+00
1.060606e+01	2.927241e-04	7.122393e-05	2.547815e-05	0.000000e+00	-0.000000e+00	0.000000e+00	2.542296e-05	0.000000e+00	-0.000000e+00	0.000000e+00	2.523313e-05	0.000000e+00	-0.000000e+00	0.000000e+00
1.090909e+01	2.319905e-04	5.838198e-05	1.884428e-05	0.000000e+00	-0.000000e+00	0.000000e+00	1.880145e-05	0.000000e+00	-0.000000e+00	0.000000e+00	1.865409e-05	0.000000e+00	-0.000000e+00	0.000000e+00
1.121212e+01	1.838600e-04	4.778562e-05	1.393814e-05	0.000000e+00	-0.000000e+00	0.000000e+00	1.390491e-05	0.000000e+00	-0.000000e+00	0.000000e+00	1.379062e-05	0.000000e+00	-0.000000e+00	0.000000e+00
1.151515e+01	1.457165e-04	3.905881e-05	1.030954e-05	0.000000e+00	-0.000000e+00	0.000000e+00	1.028381e-05	0.000000e+00	-0.000000e+00	0.000000e+00	1.019531e-05	0.000000e+00	-0.000000e+00	0.000000e+00
1.181818e+01	1.154872e-04	3.188446e-05	7.625852e-06	0.000000e+00	-0.000000e+00	0.000000e+00	7.605932e-06	0.000000e+00	-0.000000e+00	0.000000e+00	7.537459e-06	0.000000e+00	-0.000000e+00	0.000000e+00
1.212121e+01	9.152955e-05	2.599619e-05	5.640910e-06	0.000000e+00	-0.000000e+00	0.000000e+00	5.625487e-06	0.000000e+00	-0.000000e+00	0.000000e+00	5.572541e-06	0.000000e+00	-0.000000e+00	0.000000e+00
1.242424e+01	7.254227e-05	2.117100e-05	4.172655e-06	0.000000e+00	-0.000000e+00	0.000000e+00	4.160736e-06	0.000000e+00	-0.000000e+00	0.000000e+00	4.119874e-06	0.000000e+00	-0.000000e+00	0.000000e+00
1.272727e+01	5.749401e-05	1.722273e-05	3.086547e-06	0.000000e+00	-0.000000e+00	0.000000e+00	3.077365e-06	0.000000e+00	-0.000000e+00	0.000000e+00	3.045908e-06	0.000000e+00	-0.000000e+00	0.000000e+00
1.303030e+01	4.556753e-05	1.399644e-05	2.283169e-06	0.000000e+00	-0.000000e+00	0.000000e+00	2.276108e-06	0.000000e+00	-0.000000e+00	0.000000e+00	2.251929e-06	0.000000e+00	-0.000000e+00	0.000000e+00
1.333333e+01	3.611515e-05	1.136352e-05	1.688931e-06	0.000000e+00	-0.000000e+00	0.000000e+00	1.683509e-06	0.000000e+00	-0.000000e+00	0.000000e+00	1.664944e-06	0.000000e+00	-0.000000e+00	0.000000e+00
1.363636e+01	2.862360e-05	9.217440e-06	1.249393e-06	0.000000e+00	-0.000000e+00	0.000000e+00	1.245231e-06	0.000000e+00	-0.000000e+00	0.000000e+00	1.230985e-06	0.000000e+00	-0.000000e+00	0.000000e+00
1.393939e+01	2.268609e-05	7.470180e-06	9.242717e-07	0.000000e+00	-0.000000e+00	0.000000e+00	9.210794e-07	0.000000e+00	-0.000000e+00	0.000000e+00	9.101527e-07	0.000000e+00	-0.000000e+00	0.000000e+00
1.424242e+01	1.798025e-05	6.049159e-06	6.837759e-07	0.000000e+00	-0.000000e+00	0.000000e+00	6.813283e-07	0.000000e+00	-0.000000e+00	0.000000e+00	6.729519e-07	0.000000e+00	-0.000000e+00	0.000000e+00
1.454545e+01	1.425057e-05	4.894638e-06	5.058730e-07	0.000000e+00	-0.000000e+00	0.000000e+00	5.039975e-07	0.000000e+00	-0.000000e+00	0.000000e+00	4.975792e-07	0.000000e+00	-0.000000e+00	0.000000e+00
1.484848e+01	1.129455e-05	3.957539e-06	3.742683e-07	0.000000e+00	-0.000000e+00	0.000000e+00	3.728319e-07	0.000000e+00	-0.000000e+00	0.000000e+00	3.679161e-07	0.000000e+00	-0.000000e+00	0.000000e+00
1.515152e+01	8.951707e-06	3.197605e-06	2.769102e-07	0.000000e+00	-0.000000e+00	0.000000e+00	2.758104e-07	0.000000e+00	-0.000000e+00	0.000000e+00	2.720470e-07	0.000000e+00	-0.000000e+00	0.000000e+00
1.545455e+01	7.094848e-06	2.581873e-06	2.048846e-07	0.000000e+00	-0.000000e+00	0.000000e+00	2.040429e-07	0.000000e+00	-0.000000e+00	0.000000e+00	2.011627e-07	0.000000e+00	-0.000000e+00	0.000000e+00
1.575758e+01	5.623161e-06	2.083384e-06	1.515983e-07	0.000000e+00	-0.000000e+00	0.000000e+00	1.509543e-07	0.000000e+00	-0.000000e+00	0.000000e+00	1.487511e-07	0.000000e+00	-0.000000e+00	0.000000e+00
1.606061e+01	4.456748e-06	1.680125e-06	1.121743e-07	0.000000e+00	-0.000000e+00	0.000000e+00	1.116819e-07	0.000000e+00	-0.000000e+00	0.000000e+00	1.099973e-07	0.000000e+00	-0.000000e+00	0.000000e+00
1.636364e+01	3.532284e-06	1.354143e-06	8.300521e-08	0.000000e+00	-0.000000e+00	0.000000e+00	8.262886e-08	0.000000e+00	-0.000000e+00	0.000000e+00	8.134132e-08	0.000000e+00	-0.000000e+00	0.000000e+00
1.666667e+01	2.799583e-06	1.090811e-06	6.142287e-08	0.000000e+00	-0.000000e+00	0.000000e+00	6.113533e-08	0.000000e+00	-0.000000e+00	0.000000e+00	6.015177e-08	0.000000e+00	-0.000000e+00	0.000000e+00
1.696970e+01	2.218867e-06	8.782286e-07	4.545335e-08	0.000000e+00	-0.000000e+00	0.000000e+00	4.523368e-08	0.000000e+00	-0.000000e+00	0.000000e+00	4.448266e-08	0.000000e+00	-0.000000e+00	0.000000e+00
1.727273e+01	1.758608e-06	7.067232e-07	3.363621e-08	0.000000e+00	-0.000000e+00	0.000000e+00	3.346842e-08	0.000000e+00	-0.000000e+00	0.000000e+00	3.289531e-08	0.000000e+00	-0.000000e+00	0.000000e+00
1.757576e+01	1.393821e-06	5.684400e-07	2.489141e-08	0.000000e+00	-0.000000e+00	0.000000e+00	2.476336e-08	0.000000e+00	-0.000000e+00	0.000000e+00	2.432643e-08	0.000000e+00	-0.000000e+00	0.000000e+00
1.787879e+01	1.104701e-06	4.570067e-07	1.841962e-08	0.000000e+00	-0.000000e+00	0.000000e+00	1.832211e-08	0.000000e+00	-0.000000e+00	0.000000e+00	1.798958e-08	0.000000e+00	-0.000000e+00	0.000000e+00
1.818182e+01	8.755536e-07	3.672586e-07	1.363056e-08	0.000000e+00	-0.000000e+00	0.000000e+00	1.355638e-08	0.000000e+00	-0.000000e+00	0.000000e+00	1.330354e-08	0.000000e+00	-0.000000e+00	0.000000e+00
1.848485e+01	6.939381e-07	2.950129e-07	1.008688e-08	0.000000e+00	-0.000000e+00	0.000000e+00	1.003047e-08	0.000000e+00	-0.000000e+00	0.000000e+00	9.838306e-09	0.000000e+00	-0.000000e+00	0.000000e+00
1.878788e+01	5.499949e-07	2.368849e-07	7.464669e-09	0.000000e+00	-0.000000e+00	0.000000e+00	7.421793e-09	0.000000e+00	-0.000000e+00	0.000000e+00	7.275783e-09	0.000000e+00	-0.000000e+00	0.000000e+00
1.909091e+01	4.359098e-07	1.901378e-07	5.524280e-09	0.000000e+00	-0.000000e+00	0.000000e+00	5.491700e-09	0.000000e+00	-0.000000e+00	0.000000e+00	5.380794e-09	0.000000e+00	-0.000000e+00	0.000000e+00
1.939394e+01	3.454894e-07	1.525603e-07	4.088388e-09	0.000000e+00	-0.000000e+00	0.000000e+00	4.063639e-09	0.000000e+00	-0.000000e+00	0.000000e+00	3.979421e-09	0.000000e+00	-0.000000e+00	0.000000e+00
1.969697e+01	2.738247e-07	1.223665e-07	3.025801e-09	0.000000e+00	-0.000000e+00	0.000000e+00	3.007005e-09	0.000000e+00	-0.000000e+00	0.000000e+00	2.943072e-09	0.000000e+00	-0.000000e+00	0.000000e+00
2.000000e+01	2.170255e-07	9.811564e-08	2.239440e-09	0.000000e+00	-0.000000e+00	0.000000e+00	2.225169e-09	0.000000e+00	-0.000000e+00	0.000000e+00	2.176647e-09	0.000000e+00	-0.000000e+00	0.000000e+00
2.030303e+01	1.720080e-07	7.864558e-08	1.657490e-09	0.000000e+00	-0.000000e+00	0.000000e+00	1.646659e-09	0.000000e+00	-0.000000e+00	0.000000e+00	1.609842e-09	0.000000e+00	-0.000000e+00	0.000000e+00
2.060606e+01	1.363285e-07	6.301970e-08	1.226803e-09	0.000000e+00	-0.000000e+00	0.000000e+00	1.218584e-09	0.000000e+00	-0.000000e+00	0.000000e+00	1.190656e-09	0.000000e+00	-0.000000e+00	0.000000e+00
2.090909e+01	1.080500e-07	5.048352e-08	9.080449e-10	0.000000e+00	-0.000000e+00	0.000000e+00	9.018094e-10	0.000000e+00	-0.000000e+00	0.000000e+00	8.806289e-10	0.000000e+00	-0.000000e+00	0.000000e+00
2.121212e+01	8.563727e-08	4.042958e-08	6.721274e-10	0.000000e+00	-0.000000e+00	0.000000e+00	6.673980e-10	0.000000e+00	-0.000000e+00	0.000000e+00	6.513386e-10	0.000000e+00	-0.000000e+00	0.000000e+00
2.151515e+01	6.787359e-08	3.236904e-08	4.975193e-10	0.000000e+00	-0.000000e+00	0.000000e+00	4.939330e-10	0.000000e+00	-0.000000e+00	0.000000e+00	4.817590e-10	0.000000e+00	-0.000000e+00	0.000000e+00
2.181818e+01	5.379462e-08	2.590873e-08	3.682782e-10	0.000000e+00	-0.000000e+00	0.000000e+00	3.655593e-10	0.000000e+00	-0.000000e+00	0.000000e+00	3.563327e-10	0.000000e+00	-0.000000e+00	0.000000e+00
2.212121e+01	4.263604e-08	2.073254e-08	2.726194e-10	0.000000e+00	-0.000000e+00	0.000000e+00	2.705586e-10	0.000000e+00	-0.000000e+00	0.000000e+00	2.635671e-10	0.000000e+00	-0.000000e+00	0.000000e+00
2.242424e+01	3.379208e-08	1.658642e-08	2.018092e-10	0.000000e+00	-0.000000e+00	0.000000e+00	2.002474e-10	0.000000e+00	-0.000000e+00	0.000000e+00	1.949506e-10	0.000000e+00	-0.000000e+00	0.000000e+00
2.272727e+01	2.678262e-08	1.326634e-08	1.493983e-10	0.000000e+00	-0.000000e+00	0.000000e+00	1.482151e-10	0.000000e+00	-0.000000e+00	0.000000e+00	1.442031e-10	0.000000e+00	-0.000000e+00	0.000000e+00
2.303030e+01	2.122712e-08	1.060843e-08	1.105971e-10	0.000000e+00	-0.000000e+00	0.000000e+00	1.097007e-10	0.000000e+00	-0.000000e+00	0.000000e+00	1.066627e-10	0.000000e+00	-0.000000e+00	0.000000e+00
2.333333e+01	1.682399e-08	8.481177e-09	8.187619e-11	0.000000e+00	-0.000000e+00	0.000000e+00	8.119744e-11	0.000000e+00	-0.000000e+00	0.000000e+00	7.889755e-11	0.000000e+00	-0.000000e+00	0.000000e+00
2.363636e+01	1.333420e-08	6.779067e-09	6.061538e-11	0.000000e+00	-0.000000e+00	0.000000e+00	6.010145e-11	0.000000e+00	-0.000000e+00	0.000000e+00	5.836054e-11	0.000000e+00	-0.000000e+00	0.000000e+00
2.393939e+01	1.056830e-08	5.417458e-09	4.487468e-11	0.000000e+00	-0.000000e+00	0.000000e+00	4.448560e-11	0.000000e+00	-0.000000e+00	0.000000e+00	4.316802e-11	0.000000e+00	-0.000000e+00	0.000000e+00
2.424242e+01	8.376125e-09	4.328487e-09	3.322316e-11	0.000000e+00	-0.000000e+00	0.000000e+00	3.292865e-11	0.000000e+00	-0.000000e+00	0.000000e+00	3.193157e-11	0.000000e+00	-0.000000e+00	0.000000e+00
2.454545e+01	6.638672e-09	3.457758e-09	2.459391e-11	0.000000e+00	-0.000000e+00	0.000000e+00	2.437096e-11	0.000000e+00	-0.000000e+00	0.000000e+00	2.361648e-11	0.000000e+00	-0.000000e+00	0.000000e+00
2.484848e+01	5.261617e-09	2.761682e-09	1.820828e-11	0.000000e+00	-0.000000e+00	0.000000e+00	1.803972e-11	0.000000e+00	-0.000000e+00	0.000000e+00	1.746942e-11	0.000000e+00	-0.000000e+00	0.000000e+00
2.515152e+01	4.170204e-09	2.205343e-09	1.347817e-11	0.000000e+00	-0.000000e+00	0.000000e+00	1.335061e-11	0.000000e+00	-0.000000e+00	0.000000e+00	1.291931e-11	0.000000e+00	-0.000000e+00	0.000000e+00
2.545455e+01	3.305182e-09	1.760778e-09	9.978735e-12	0.000000e+00	-0.000000e+00	0.000000e+00	9.882320e-12	0.000000e+00	-0.000000e+00	0.000000e+00	9.556392e-12	0.000000e+00	-0.000000e+00	0.000000e+00
2.575758e+01	2.619590e-09	1.405599e-09	7.387102e-12	0.000000e+00	-0.000000e+00	0.000000e+00	7.314192e-12	0.000000e+00	-0.000000e+00	0.000000e+00	7.067825e-12	0.000000e+00	-0.000000e+00	0.000000e+00
2.606061e+01	2.076211e-09	1.121886e-09	5.466589e-12	0.000000e+00	-0.000000e+00	0.000000e+00	5.411342e-12	0.000000e+00	-0.000000e+00	0.000000e+00	5.224855e-12	0.000000e+00	-0.000000e+00	0.000000e+00
2.636364e+01	1.645544e-09	8.953013e-10	4.046438e-12	0.000000e+00	-0.000000e+00	0.000000e+00	4.004789e-12	0.000000e+00	-0.000000e+00	0.000000e+00	3.864192e-12	0.000000e+00	-0.000000e+00	0.000000e+00
2.666667e+01	1.304210e-09	7.143726e-10	2.991921e-12	0.000000e+00	-0.000000e+00	0.000000e+00	2.960454e-12	0.000000e+00	-0.000000e+00	0.000000e+00	2.854343e-12	0.000000e+00	-0.000000e+00	0.000000e+00
2.696970e+01	1.033679e-09	5.699248e-10	2.212641e-12	0.000000e+00	-0.000000e+00	0.000000e+00	2.188789e-12	0.000000e+00	-0.000000e+00	0.000000e+00	2.108478e-12	0.000000e+00	-0.000000e+00	0.000000e+00
2.727273e+01	8.192634e-10	4.546210e-10	1.637771e-12	0.000000e+00	-0.000000e+00	0.000000e+00	1.619809e-12	0.000000e+00	-0.000000e+00	0.000000e+00	1.559329e-12	0.000000e+00	-0.000000e+00	0.000000e+00
2.757576e+01	6.493242e-10	3.625956e-10	1.212167e-12	0.000000e+00	-0.000000e+00	0.000000e+00	1.198588e-12	0.000000e+00	-0.000000e+00	0.000000e+00	1.152901e-12	0.000000e+00	-0.000000e+00	0.000000e+00
2.787879e+01	5.146354e-10	2.891601e-10	8.967264e-13	0.000000e+00	-0.000000e+00	0.000000e+00	8.865096e-13	0.000000e+00	-0.000000e+00	0.000000e+00	8.521378e-13	0.000000e+00	-0.000000e+00	0.000000e+00
2.818182e+01	4.078849e-10	2.305680e-10	6.603487e-13	0.000000e+00	-0.000000e+00	0.000000e+00	6.526148e-13	0.000000e+00	-0.000000e+00	0.000000e+00	6.266863e-13	0.000000e+00	-0.000000e+00	0.000000e+00
2.848485e+01	3.232777e-10	1.838255e-10	4.857511e-13	0.000000e+00	-0.000000e+00	0.000000e+00	4.798808e-13	0.000000e+00	-0.000000e+00	0.000000e+00	4.602822e-13	0.000000e+00	-0.000000e+00	0.000000e+00
2.878788e+01	2.562204e-10	1.465415e-10	3.575377e-13	0.000000e+00	-0.000000e+00	0.000000e+00	3.530942e-13	0.000000e+00	-0.000000e+00	0.000000e+00	3.383112e-13	0.000000e+00	-0.000000e+00	0.000000e+00
2.909091e+01	2.030728e-10	1.168059e-10	2.642288e-13	0.000000e+00	-0.000000e+00	0.000000e+00	2.608816e-13	0.000000e+00	-0.000000e+00	0.000000e+00	2.497568e-13	0.000000e+00	-0.000000e+00	0.000000e+00
2.939394e+01	1.609496e-10	9.309365e-11	1.955851e-13	0.000000e+00	-0.000000e+00	0.000000e+00	1.930702e-13	0.000000e+00	-0.000000e+00	0.000000e+00	1.847105e-13	0.000000e+00	-0.000000e+00	0.000000e+00
2.969697e+01	1.275639e-10	7.418697e-11	1.447306e-13	0.000000e+00	-0.000000e+00	0.000000e+00	1.428445e-13	0.000000e+00	-0.000000e+00	0.000000e+00	1.365719e-13	0.000000e+00	-0.000000e+00	0.000000e+00
3.000000e+01	1.011034e-10	5.911382e-11	0.000000e+00	0.000000e+00	0.000000e+00	0.000000e+00	0.000000e+00	0.000000e+00	0.000000e+00	0.000000e+00	0.000000e+00	0.000000e+00	0.000000e+00	0.000000e+00